( 'sourcelisten': 0.0, 'fbackeq': 0.91, 'b3listen': 1.0, 'b3convwet': 0.18181818181818, 
  'revwet': 0.0, 'fdngain': 0.0, 'b3revwet': 0.21818181818182, 'mica2liste': 0.61818181818182, 'mute': 0, 
  'mute_m2': 1, 'mica2feed': 0.10909090909091, 'locut': 20, 'b3convgain': 0.27272727272727, 'fdnlisten': 0.018181818181818, 
  'speakergainR': 1.0, 'fbackrel': 0.5, 'speakergainL': 1.0, 'hicut': 16000, 'ffwet': 0.20909090909091, 
  'shiftwet': 0.3, 'fbackhi': 1.3, 'shiftscale': 9.0909090909091, 'fbacklo': 0.2, 'b3follow': 0.10909090909091 )