( 'b3convgain': 0.27272727272727, 'b3listen': 1.0, 'shiftscale': 8.1818181818182, 'speakergainL': 1.0, 
  'shiftwet': 0.31818181818182, 'mica2liste': 0.42727272727273, 'speakergainR': 1.0, 'hicut': 16000, 'mica2feed': 0.10909090909091, 
  'ffwet': 0.24545454545455, 'fdnlisten': 0.018181818181818, 'fbacklo': 0.2, 'sourcelisten': 0.018181818181818, 'fdngain': 0.49090909090909, 
  'fbackeq': 0.91, 'b3follow': 0.1, 'b3revwet': 0.22727272727273, 'fbackhi': 1.3, 'locut': 20, 
  'b3convwet': 0.16363636363636, 'revwet': 0.0 )